,0
0,1261.9163445484305
1,1273.6577940646714
2,1231.4659659623096
3,1241.887559680589
4,1260.950534172721
5,1250.3823935512369
6,1259.4408084212841
7,1238.2254161134133
8,1218.4589610606795
9,1217.4547152341636
10,1194.7459805578158
11,1190.3717645300549
12,1165.0372854553573
13,1160.3795609292604
14,1190.3236959820613
15,1192.6811019882596
16,1242.7456929045109
17,1241.6939686992275
18,1243.1742113113328
19,1255.9952973808033
20,1255.9412488155915
21,1260.6624030244752
22,1236.5447111158808
23,1254.5108811587625
24,1236.853582318683
25,1227.5268429048883
26,1214.5705626252663
27,1215.4810935927503
28,1219.5202080491442
29,1206.53831852445
30,1239.2466575600215
31,1241.1595726937685
32,1252.574006646273
33,1264.1796661225146
34,1263.5941828394418
35,1250.922853297645
36,1262.4300286190216
37,1256.8981253617117
38,1275.4514628433708
39,1276.5826166095658
40,1280.1658890637937
41,1278.0565985950545
42,1279.9726830114537
43,1290.8310646596428
44,1291.5666928535843
45,1295.2239666777118
46,1289.3894303130257
47,1293.234832863086
48,1306.425732957828
49,1312.8724771668863
50,1315.03407442469
51,1315.7518378072684
52,1314.2855219701196
53,1324.875596962509
54,1318.3668027617396
55,1316.8739488315737
56,1313.4939806236937
57,1312.2477594911065
58,1323.242188006463
59,1324.7088064055974
60,1343.0877076461898
61,1343.2498316140588
62,1346.4153076278146
63,1349.5405113523937
64,1350.9868905497312
65,1343.3433162432802
66,1351.3894121290764
67,1349.9797131537036
68,1343.8016354902438
69,1357.4118398207947
70,1359.7660287612675
71,1361.8711115143674
72,1358.2485633856982
73,1362.7498935874619
74,1365.0768972777369
75,1367.1932182993664
76,1371.7790252295495
77,1365.799000865961
78,1373.6179705960296
79,1369.4841056024973
80,1364.8625860976158
81,1345.7721564440221
82,1352.7464131566364
83,1364.282273380936
84,1369.6329805969197
85,1371.3629120874557
86,1393.44296922004
87,1392.5528732885666
88,1401.7265560218668
89,1403.636483854469
90,1408.3715012123519
91,1405.644227017556
92,1403.1071581382903
93,1393.8170272366824
94,1397.1146038323425
95,1414.6286988555755
96,1411.7320879423714
97,1406.6673386306802
98,1403.8599521972144
99,1407.5414997034663
100,1417.8544861780365
101,1413.4264219073548
102,1400.6439067174508
103,1398.9216679640551
104,1383.3563545437355
105,1361.7074761253782
106,1369.6389283799344
107,1385.2617749091241
108,1370.981465485935
109,1371.3712996430545
110,1388.7151645037764
111,1383.6607746728807
112,1378.4738271095555
113,1379.007826149073
114,1367.1809891385317
115,1372.3232172973467
116,1388.9571723448319
117,1397.8686629002443
118,1402.8261952331388
119,1398.0888008006464
120,1404.888944456691
121,1401.8628386979938
122,1392.580316641684
123,1371.9474700985759
124,1370.6320098777226
125,1364.2760241424894
126,1355.9306713690512
127,1358.920095302545
128,1353.5243273466647
129,1340.0553515967
130,1332.5167488274155
131,1325.6235847876117
132,1306.9846044303
133,1297.6282233001218
134,1314.907602401225
135,1315.344739569036
136,1319.1308818028913
137,1320.7523391217755
138,1317.2641959953828
139,1331.2491728375892
140,1314.0266493013528
141,1311.6156162267835
142,1281.2075042682009
143,1279.4729840819311
144,1285.4002365500833
145,1311.9630510692236
146,1314.1864809800768
147,1324.6373898844165
148,1309.618434012983
149,1322.784018091232
150,1314.8698784948547
151,1327.8439941007675
152,1341.393514924496
153,1343.1691480095637
154,1356.9927468629016
155,1354.6904827764715
156,1327.7842736372543
157,1335.9231468225337
158,1314.6616144951588
159,1320.5471985330544
160,1331.4697983482238
161,1328.1461693780905
162,1360.0053477543877
163,1363.091980306675
164,1372.5630615232508
165,1367.8055649861913
166,1355.0731081668384
167,1353.2966246181236
168,1342.281407809083
169,1342.2342943527947
170,1335.7576935177146
171,1355.2240427719764
172,1353.0006012495662
173,1362.8377962113952
174,1371.6442891897032
175,1374.8667946220908
176,1363.740666134215
177,1352.0228562291252
178,1339.7895382488268
179,1338.4749310988404
180,1358.5537166427837
181,1382.811620030409
182,1384.1648398021898
183,1379.7655178030423
184,1375.2473285435108
185,1365.2330326365145
186,1389.3258940997675
187,1392.6763381520132
188,1400.5238152261445
189,1402.0497174871887
190,1401.7704143435892
191,1405.4399381109615
192,1403.8292622839556
193,1403.9858100694926
194,1405.3740769896167
195,1414.4307055303493
196,1417.3947294250577
197,1417.9252253458317
198,1413.5260943422138
199,1413.3998208896292
200,1402.9776394780083
201,1410.9780113004267
202,1410.192781244059
203,1409.366873013452
204,1410.8251993347367
205,1400.0603292854164
206,1406.5910064057332
207,1404.7548653865067
208,1403.573661862287
209,1430.0563298686106
210,1435.5320811541828
211,1429.4266071627057
212,1433.6827203102828
213,1435.1121499092744
214,1457.5632514844776
215,1464.198293090487
216,1461.0009954904795
217,1459.6209369927979
218,1460.2728179916148
219,1460.0556863468914
220,1460.3498842810477
221,1457.2480225024547
222,1443.0522950744578
223,1434.9546165086012
224,1446.503955277731
225,1440.5809090540063
226,1444.959847891008
227,1445.7162398915477
228,1449.993578869556
229,1460.3990158546353
230,1460.226693292098
231,1456.256881927819
232,1442.8504593860937
233,1433.8455399568231
234,1433.4146730973455
235,1429.150086202631
236,1439.8436280615313
237,1453.2923293240278
238,1459.4812991378753
239,1457.35960428828
240,1435.0419598326405
241,1434.6809730365712
242,1414.7898737962548
243,1410.4436535679724
244,1413.7629542858176
245,1411.8092499758327
246,1412.8623627980128
247,1426.3870226375798
248,1414.320337097832
249,1417.7002526537651
250,1427.2805352944958
251,1396.3089967192782
252,1381.2980044062867
253,1380.6341529695364
254,1379.6261703125779
255,1376.144393151617
256,1357.9669405365378
257,1354.5213251403513
258,1359.4981234221002
259,1384.4035590229446
260,1386.750774552381
261,1390.6007389006336
262,1407.1444335966166
263,1404.56309387021
264,1399.5947495365574
265,1409.279469853101
266,1414.2213442013535
267,1415.859157309825
268,1410.2098516605154
269,1407.2532261097067
270,1409.044161439106
271,1413.413377543514
272,1417.6545898279967
273,1418.3160226652863
274,1426.915044092966
275,1427.7201776640582
276,1419.9918026915968
277,1414.5568526928705
278,1428.9940146720826
279,1444.4376017256986
280,1436.0081472614436
281,1443.7580665515309
282,1430.3148748458923
283,1427.1680862517562
284,1421.0243583731021
285,1418.4048278723299
286,1404.335837403362
287,1425.1898887513453
288,1458.2913668366625
289,1457.4772669066226
290,1466.3720947055938
291,1461.0011417366227
292,1456.549897041531
293,1461.0839759392134
294,1470.7587723501965
295,1471.565332077288
296,1470.9046487759076
297,1472.133212325577
298,1472.1468837709017
299,1480.230746963579
300,1485.1269153126
301,1491.6305309495417
302,1494.2031407974614
303,1494.3802593164066
304,1502.0991802442668
305,1499.7335295540333
306,1507.2615280385842
307,1502.0284415177086
308,1498.4860239250238
309,1512.2522027539644
310,1496.1060690265072
311,1511.129886807887
312,1511.3485767379334
313,1509.0616633836419
314,1517.9230294402073
315,1516.1124749388573
316,1519.2438912678558
317,1520.2121452303768
318,1520.9735097582432
319,1519.910441616204
320,1530.0258283492833
321,1512.9242381442195
322,1504.2671916040292
323,1515.1615793087021
324,1489.200300074139
325,1498.3838470290755
326,1514.2240101336718
327,1513.3252185597648
328,1518.8275938981133
329,1524.0547928863973
330,1537.523651377088
331,1540.5137726896683
332,1543.77231138205
333,1550.1826406221362
334,1554.9300366192685
335,1552.4598255786852
336,1554.472221108135
337,1562.1769923326049
338,1560.2881085082279
339,1553.1103746320646
340,1549.1112472537684
341,1557.826453631484
342,1546.454134309687
343,1556.9921998577104
344,1551.6688876681208
345,1562.723304708593
346,1562.6934614056277
347,1568.3423122343067
348,1562.5976554548402
349,1569.5761442412859
350,1554.7321738195342
351,1560.1976414862966
352,1553.818062718006
353,1562.3819498866128
354,1568.189911790444
355,1585.574704496446
356,1592.0381252974385
357,1588.5437994393853
358,1555.5166316558505
359,1574.1293020342075
360,1552.7455533527584
361,1543.971787876758
362,1556.0130270712998
363,1560.4353994621242
364,1577.7695809614306
365,1578.2053227267616
366,1584.0822707401287
367,1581.8750173499625
368,1592.236899650634
369,1596.631104684339
370,1583.5520428168004
371,1597.2422866210445
372,1611.8163299536793
373,1616.1769293569994
374,1625.5327722079105
375,1631.1175162360137
376,1626.2424126377587
377,1633.3433079277056
378,1633.138722055654
379,1648.7270726300615
380,1657.382061745191
381,1650.4812213342063
382,1666.4719257783797
383,1664.944230610508
384,1668.7326313179717
385,1656.7100961366086
386,1651.1836686645506
387,1650.1022016957897
388,1659.231997856241
389,1649.3483104417214
390,1654.7475725007287
391,1632.5784432249204
392,1640.6042854411567
393,1632.1846858514305
394,1611.2291005451764
395,1623.4986217350363
396,1640.6242296544826
397,1642.0708355535226
398,1628.3495320403815
399,1614.198921271172
400,1634.4990394074716
401,1626.3686358686946
402,1639.065094400404
403,1650.5171232175076
404,1629.439642797442
405,1593.3486523448876
406,1594.1191787568428
407,1574.3270237862525
408,1588.800544892037
409,1602.6717732453585
410,1611.3785594781853
411,1606.936485586526
412,1614.0095490843962
413,1613.1559121265298
414,1615.0232334969267
415,1630.6751143022555
416,1638.527321698023
417,1650.8353577021192
418,1651.84489011746
419,1672.4815822650555
420,1678.2210020705243
421,1681.576231889402
422,1676.6462994891058
423,1680.1102029057215
424,1688.300770924025
425,1691.381419584871
426,1695.344173487353
427,1692.349960514156
428,1686.4270658351375
429,1690.2330569142716
430,1691.2846906877417
431,1685.9880871442672
432,1686.5566868719095
433,1685.6643467837926
434,1705.1246623910013
435,1708.5561441630962
436,1707.1772797349863
437,1698.3708014206225
438,1691.3462049653829
439,1697.321479935406
440,1691.800971012139
441,1690.398275854382
442,1694.1902936646545
443,1685.753061576805
444,1664.1456314358593
445,1657.8196689732656
446,1647.2244469306002
447,1652.8394465101753
448,1644.2356035854268
449,1656.552795153093
450,1662.5999848723513
451,1656.7999096128235
452,1633.4323163799163
453,1635.6275838335498
454,1637.6185403551276
455,1633.582664942034
456,1640.4715390610324
457,1651.4869323870262
458,1654.0964044661664
459,1655.230947959026
460,1670.086018980351
461,1681.6120405616168
462,1687.9480550641736
463,1683.6017852248415
464,1687.3580257379776
465,1696.1876300754277
466,1703.511652237267
467,1723.625003308294
468,1721.3311510846247
469,1710.777627399139
470,1703.0109541665392
471,1697.6428883726364
472,1693.671573317001
473,1699.0106706103352
474,1692.4064867555096
475,1683.0181570852324
476,1694.7081579925953
477,1693.140976443105
478,1680.3010983627944
479,1690.783193060875
480,1676.3247255656022
481,1658.1106206879356
482,1658.1270799396518
483,1689.2274200238064
484,1700.9053812697955
485,1709.6471307354605
486,1698.5659565966328
487,1718.97680366369
488,1730.6028121616066
489,1742.6597326406338
490,1744.4546519090795
491,1753.030823601519
492,1746.174517777514
493,1751.7127062367
494,1758.9354567493945
495,1761.2121721098163
496,1771.3678967757955
497,1763.3606441787572
498,1757.3728395804792
499,1761.6467495571917
500,1766.916418981758
501,1763.4267552370188
502,1770.4623128587104
503,1748.608372043483
504,1769.8034853797544
505,1770.8505318458053
506,1767.7308063769524
507,1781.9280667811886
508,1788.389997501548
509,1797.0814412168381
510,1791.8733682109012
511,1788.1181794007769
512,1781.9474340538547
513,1794.8759841753895
514,1803.5862510632835
515,1802.3592873101447
516,1803.1439524304121
517,1806.4516511879433
518,1805.4859621871403
519,1801.5699775357407
520,1796.0166340882147
521,1793.312498738436
522,1786.0078160677585
523,1804.1575106143757
524,1807.3277502096964
525,1803.03631985527
526,1784.5977224958554
527,1776.645183574002
528,1775.8235755127232
529,1785.9985847275593
530,1781.6653376836014
531,1808.7815582714334
532,1808.1592671117655
533,1817.2163754270086
534,1826.979042206937
535,1831.3634775235696
536,1841.109146185889
537,1840.7533949447386
538,1840.8726541597007
539,1847.7093784231495
540,1832.7659774423976
541,1832.4470478553135
542,1827.3951007149433
543,1837.1051087188073
544,1837.6394630162395
545,1838.200035019962
546,1842.2616443564157
547,1820.6322654641226
548,1838.630533805758
549,1846.704988878148
550,1845.4952473799156
551,1840.3062489753236
552,1843.2137710010788
553,1844.325395390622
554,1829.977495322711
555,1794.7377876243054
556,1784.4175857012115
557,1792.382798667393
558,1775.8453963327095
559,1794.9709600279837
560,1782.9403688018551
561,1745.5988404435739
562,1757.115448763323
563,1750.7810214460112
564,1772.3439492001346
565,1795.3046932320187
566,1797.8665637230733
567,1818.021495938571
568,1817.4896848881788
569,1828.2414671612764
570,1837.2984601627834
571,1839.5417196935869
572,1829.7014401073056
573,1839.2708520379824
574,1835.8054192055083
575,1846.9228507689065
576,1845.2151580695802
577,1845.0277469987213
578,1853.7577088605192
579,1858.2912051681683
580,1846.7652212322644
581,1872.4118525956728
582,1872.1415173857122
583,1876.6872314633963
584,1878.2989544580628
585,1876.3801775050708
586,1868.5992622066492
587,1868.7022974156014
588,1848.2550504043072
589,1842.9313806132911
590,1858.1679522138536
591,1870.3792071693622
592,1861.8168363083266
593,1871.9271142651828
594,1865.889144397246
595,1858.1702164121866
596,1865.9482282436325
597,1852.996426505454
598,1850.375673978055
599,1857.5525870078695
600,1870.5600748479612
601,1884.1981755332663
602,1889.922347095737
603,1888.4043294233268
604,1866.7148516024718
605,1847.6325751601717
606,1852.5382067250132
607,1870.554699973983
608,1836.1917746758443
609,1820.024731327926
610,1830.327842354746
611,1840.7258702332417
612,1861.4826486472318
613,1864.1617267091171
614,1870.6753456739114
615,1878.1730030590936
616,1874.7439256347861
617,1878.581500257496
618,1864.3458123500252
619,1869.6745642954272
620,1877.5947127406453
621,1883.0537298121826
622,1883.9811991290594
623,1881.2433389458213
624,1884.33934679002
625,1868.863029925997
626,1878.4507479931863
627,1875.535505458872
628,1878.431844643001
629,1895.6883540571146
630,1896.1515377934293
631,1889.3577212716264
632,1872.7578982104524
633,1877.8509388821728
634,1884.3277575317761
635,1873.8995320399629
636,1888.1597782027964
637,1891.1897824417038
638,1899.5058234540113
639,1911.005381692804
640,1908.8942994391302
641,1919.2357569223257
642,1922.5484951981318
643,1924.3983184176964
644,1924.38976704257
645,1927.4164261778196
646,1939.2672512444547
647,1948.1050284255216
648,1950.7395893173552
649,1950.6823124201946
650,1944.176124790573
651,1931.4675566113615
652,1936.5708189847592
653,1937.5681770591898
654,1941.9826743021974
655,1956.11859113366
656,1958.370987311699
657,1962.4870298173128
658,1962.3864939533075
659,1950.650645606828
660,1959.5301070174064
661,1956.9742078975219
662,1960.9819397249837
663,1960.632435844823
664,1972.138355846024
665,1974.0135190049107
666,1984.4843560610555
667,1977.8086854028238
668,1964.951611277339
669,1972.9769077814071
670,1964.7309630629402
671,1968.252491778554
672,1976.7886389339267
673,1972.9491197195869
674,1981.5003816840428
675,1959.6084692348447
676,1977.7102522191067
677,1973.2469868343703
678,1982.8856456637373
679,1987.048367066526
680,1987.187419742304
681,1979.3401106688755
682,1979.2143561230205
683,1970.7489310232418
684,1970.7384324182303
685,1934.431309583694
686,1927.9387167581397
687,1938.7995541909202
688,1921.3412132312385
689,1922.7159386850137
690,1910.7850399604283
691,1930.1349081960166
692,1936.0844026541401
693,1933.823496252057
694,1946.2152669867564
695,1953.1999607994494
696,1954.5555789548837
697,1970.5607425400717
698,1979.591050588908
699,1985.4102006132287
700,1991.7038742419431
701,1987.9823357403798
702,1997.1766430792918
703,1999.3375406970497
704,1999.9698434000181
705,1997.2716920505336
706,2002.8729357766438
707,2002.1272111765234
708,2001.0714239808578
709,1998.2496306940195
710,2007.025455625924
711,2001.7247707308716
712,1990.0525548904127
713,1996.0677639070827
714,1996.8210284509053
715,1986.8162994512272
716,1985.463031281676
717,1997.8060944378865
718,2000.70269312933
719,2010.9427022193497
720,2010.1068804913923
721,1995.313398902372
722,1984.6478681449619
723,1997.5751151285879
724,1968.088278248427
725,1983.9182432044202
726,1977.8887682186514
727,1972.757849828142
728,1949.8325113353349
729,1947.2164490708446
730,1966.5337281530128
731,1964.3060023099995
732,1938.668309191422
733,1967.8366926200902
734,1929.3557977948112
735,1910.531274341724
736,1879.7382900703608
737,1878.253246055331
738,1865.223499986469
739,1864.448801162036
740,1886.0139625166341
741,1901.374382331002
742,1937.9787988713947
743,1926.3617976916016
744,1948.7841293783347
745,1961.767280533518
746,1960.0176575465
747,1983.8767762221107
748,1980.6863853985633
749,1993.478431371763
750,2015.7569853659575
751,2016.0697511595831
752,2012.8330032424396
753,2022.6657990246608
754,2029.4198002931985
755,2031.6774459878732
756,2038.0713821487238
757,2039.0480071663585
758,2038.2321422908867
759,2039.4697071949238
760,2039.7000890740792
761,2041.312653826647
762,2051.1027995262248
763,2048.596218820936
764,2052.752709169699
765,2062.5507769140754
766,2068.2442816075577
767,2067.224834286923
768,2072.5357493102442
769,2067.5328113781484
770,2054.8557385814147
771,2066.449873184592
772,2073.0298680887686
773,2072.1135543190862
774,2075.863236507968
775,2061.1169430881455
776,2060.5611602073095
777,2029.1565964733963
778,2036.3407183903873
779,2005.240798248246
780,1992.4689055524266
781,1975.9374380034612
782,2010.2552827446632
783,2056.749788632465
784,2068.1543090189975
785,2078.1244974279944
786,2080.217703452583
787,2080.2277026205875
788,2088.1056416702822
789,2090.022679961699
790,2081.1323402333687
791,2061.2532378919045
792,2059.2391218413504
793,2023.6771861186116
794,2006.2983630158649
795,2025.8702491775794
796,2058.555427557725
797,2045.9053990759335
798,2031.1171806256043
799,2023.6034233168969
800,2011.3844009437503
801,1995.4904682945428
802,2019.0979362134274
803,2021.407226628151
804,2031.8334856875476
805,2061.1143097869344
806,2050.3333922498455
807,2057.253563463801
808,2031.1486408404526
809,2004.6375732513518
810,2021.7569974607688
811,1996.2144911948822
812,2021.4075061097656
813,2047.6244053373348
814,2040.3645122997916
815,2062.2621933390888
816,2054.0215343253653
817,2046.9311770187362
818,2067.64384238175
819,2066.960375361206
820,2087.453359277429
821,2095.697650404726
822,2099.101237159094
823,2099.6105821631177
824,2097.0744655305384
825,2109.28933270273
826,2109.181103234506
827,2115.310498270294
828,2113.884230419614
829,2110.8167211539903
830,2105.3077112293017
831,2116.7036094753585
832,2108.189483050518
833,2100.071995805375
834,2101.6040253916613
835,2073.2598974333055
836,2080.8273925360336
837,2046.9919824856374
838,2042.5225764648872
839,2065.2414573953697
840,2053.3759246543045
841,2081.0538076385455
842,2073.579635211959
843,2097.2974582083125
844,2089.2908888974666
845,2106.3892192008825
846,2104.080606828515
847,2092.1287118306523
848,2064.422978734535
849,2057.468141402618
850,2061.2918186625666
851,2084.9729980585103
852,2069.476713391704
853,2061.465568204794
854,2066.5853293678856
855,2078.6920604562442
856,2076.9182659712665
857,2082.0596332781442
858,2090.0297709338283
859,2100.532248350269
860,2092.9784841014307
861,2095.9352392058354
862,2105.4264844750496
863,2104.515147954708
864,2083.6242255487205
865,2099.9840384856575
866,2096.493939074335
867,2107.669260940863
868,2112.9334082819923
869,2116.625029209903
870,2109.62065066063
871,2114.4856209257423
872,2107.207531392408
873,2087.6514967208423
874,2107.935915016745
875,2113.009159125244
876,2091.792802316917
877,2082.85296844256
878,2087.171659155738
879,2113.6676511218325
880,2105.9632029137993
881,2100.561268169181
882,2098.585427799892
883,2118.6429390170824
884,2122.118169157549
885,2128.991204294772
886,2127.7177486974347
887,2125.48124644828
888,2130.634468823214
889,2126.1945863852693
890,2106.4131734872035
891,2123.2471871491234
892,2120.1693171519837
893,2109.0587183793823
894,2112.873466797051
895,2109.129584280728
896,2114.1849922536753
897,2097.712293458188
898,2094.006793872237
899,2080.7680444574216
900,2080.879282426651
901,2104.015996986887
902,2107.7386076809
903,2095.718202337835
904,2085.9236379631852
905,2095.173207978467
906,2099.703110262769
907,2120.11513283528
908,2110.308334848654
909,2122.102042846521
910,2123.4307266939654
911,2109.3043120833054
912,2104.07073464065
913,2101.6492629273025
914,2061.416538356246
915,2065.566292330535
916,2076.4851185900866
917,2076.619027937237
918,2071.082620741625
919,2080.643437562801
920,2048.5347659142913
921,2052.874763463424
922,2074.781030932634
923,2096.4723921905124
924,2108.418104432559
925,2106.867655353354
926,2122.172033570005
927,2124.9597529404314
928,2127.8952458938197
929,2119.99311728922
930,2114.5837190085276
931,2103.4639475185327
932,2082.2034186885044
933,2070.2276715464973
934,2092.316510869884
935,2106.9103261367036
936,2108.900787040027
937,2104.6286432665524
938,2097.9023813872313
939,2093.630653064668
940,2099.805436525322
941,2084.924569361128
942,2079.2579493004055
943,2102.7490399831586
944,2084.4127012318386
945,2087.664116401805
946,2083.753272417096
947,2090.404995359956
948,2102.071945796668
949,2096.9375862602924
950,2081.450774884624
951,2039.8317969018071
952,1977.6595807581045
953,1901.68562370774
954,1873.2444976426023
955,1939.665473751427
956,1985.3923584344452
957,1989.7049291627588
958,1972.7948127753887
959,1914.6382703929978
960,1948.207452924692
961,1950.3899135588256
962,1924.3802405514657
963,1969.3397964279623
964,1940.60254263022
965,1953.1975199635235
966,1960.3488393727434
967,1952.142455160542
968,1977.5423929889462
969,1992.5951060617156
970,1989.5023785755068
971,1960.1352200136039
972,1966.9945207230446
973,1943.9043329793599
974,1941.2078575047788
975,1934.155861136597
976,1932.1399893694906
977,1886.2456886110674
978,1886.7974124778395
979,1918.3477015844865
980,1922.922734927469
981,1950.8249960342578
982,1982.5718225822766
983,1977.1265888307023
984,1994.2795437918285
985,2009.9414419719312
986,2012.871903540527
987,2017.1839278444847
988,2003.663291851515
989,1995.015332740254
990,2022.5503201770441
991,2031.4881401794491
992,2033.8265493155645
993,2030.7142686210311
994,2018.7736734830808
995,2050.781240748881
996,2072.322597918107
997,2070.6037246087662
998,2066.105346560925
999,2087.641713174334
1000,2087.783993438355
1001,2080.3269584538007
1002,2102.8205173595597
1003,2107.6113272892117
1004,2102.7913329653607
1005,2100.4477025443207
1006,2098.641446603088
1007,2080.1075498966406
1008,2083.0641295513965
1009,2075.6785714032535
1010,2048.797259871202
1011,2026.8061728902878
1012,2052.789804094307
1013,2050.2015585226177
1014,2083.101991336324
1015,2080.095887083758
1016,2087.7392074247878
1017,2085.961028628733
1018,2088.1101744210127
1019,2088.8816720778186
1020,2089.9877468830537
1021,2081.2003256114776
1022,2101.7716017862244
1023,2080.1509358300527
1024,2052.9114978067378
1025,2090.6346402028057
1026,2075.9452513137876
1027,2066.6911626763103
1028,2049.8018962975534
1029,2051.802952905948
1030,2015.8339265205632
1031,2024.2812438786398
1032,2042.3738583932065
1033,2070.792790695676
1034,2043.8140786557738
1035,2008.7463646253564
1036,2021.0890013088901
1037,2036.9259881990126
1038,2063.546713366419
1039,2060.8413376212125
1040,2056.025708712356
1041,2076.2810928338386
1042,2062.567816447003
1043,2046.2245816039783
1044,2015.7571338615094
1045,2017.987275447378
1046,1993.0805995979247
1047,1948.8090611559142
1048,1927.072290740199
1049,1925.380696284882
1050,1939.6627056368498
1051,1894.4713417208588
1052,1923.0595797528
1053,1881.6229950006432
1054,1883.475216846596
1055,1862.2970678143215
1056,1869.0342924217514
1057,1905.5844897049058
1058,1877.5364184233738
1059,1903.7275180021702
1060,1882.510197976109
1061,1892.8730333269498
1062,1937.2590223176626
1063,1936.818591023279
1064,1905.7804277395198
1065,1912.7935155316236
1066,1913.7561001170043
1067,1882.976083088307
1068,1858.1000825845372
1069,1853.5974046964882
1070,1852.634347080712
1071,1832.1893392338136
1072,1864.5393947222087
1073,1892.0100704482713
1074,1923.5679797697849
1075,1917.038753068072
1076,1916.5383519122074
1077,1942.4651696073543
1078,1920.7048642345385
1079,1930.7577501354435
1080,1949.668719694623
1081,1946.7434656001208
1082,1934.1850135923728
1083,1975.6642954282604
1084,1983.0683604544922
1085,1992.8875624181192
1086,1999.2408977273521
1087,1999.7719112573423
1088,1980.397119073784
1089,1989.554988916002
1090,1989.0099244074383
1091,2020.40659307045
1092,2018.9739415672375
1093,2015.992735239392
1094,2026.3746308019154
1095,2038.232820263314
1096,2048.589790741114
1097,2051.119985057099
1098,2049.3938682678126
1099,2037.2375407615484
1100,2036.4863759716231
1101,2037.1846742762673
1102,2054.195551018947
1103,2063.094500951308
1104,2059.682908702008
1105,2072.0011902737997
1106,2065.3612741072657
1107,2046.7480880680698
1108,2066.46737667567
1109,2042.3535223478675
1110,2049.095159741578
1111,2042.7405809386933
1112,2060.4391429244524
1113,2081.03354280559
1114,2081.71840064837
1115,2080.8563286705225
1116,2092.754268206996
1117,2099.1763949035176
1118,2102.1289991211092
1119,2092.1595730992585
1120,2091.74080778285
1121,2088.0125504890643
1122,2091.911960665695
1123,2095.2959671402305
1124,2077.1288444988013
1125,2067.1937321720993
1126,2080.961336934676
1127,2064.120221514049
1128,2053.759804013061
1129,2051.638421999958
1130,2056.6437810651196
1131,2059.215913044026
1132,2083.2071843454755
1133,2064.5895207532494
1134,2064.9760956389455
1135,2047.6215604968936
1136,2065.7572756524733
1137,2048.466336834054
1138,2048.892665824239
1139,2041.1302893289117
1140,2051.5847527823967
1141,2048.6044911939102
1142,2074.5811305906677
1143,2088.5115815207446
1144,2089.0886051745542
1145,2098.3950873012354
1146,2095.656261112762
1147,2098.911357716284
1148,2104.842378861092
1149,2099.134942684713
1150,2109.225183776295
1151,2111.4994989417337
1152,2118.535159211418
1153,2115.6438580156528
1154,2097.3014522418757
1155,2081.1438790780944
1156,2076.4595560358316
1157,2072.5680311582864
1158,2078.851236781394
1159,2072.1954038427493
1160,2083.110404961958
1161,2088.2014849293887
1162,2085.3903661948307
1163,2111.8746814830606
1164,2040.9630556135075
1165,2006.5789510730347
1166,2035.7828474960454
1167,2067.0995576111804
1168,2098.3825212741717
1169,2101.8454329181163
1170,2087.39415435614
1171,2098.26299815481
1172,2096.706177593589
1173,2128.1262615607834
1174,2135.531033386776
1175,2150.40304385071
1176,2151.3182553936463
1177,2161.9122775286555
1178,2161.0086458931482
1179,2166.273144301206
1180,2163.7446201279363
1181,2172.4032432682234
1182,2165.4166893667375
1183,2174.8016086592997
1184,2168.6256980433927
1185,2169.4059455767538
1186,2167.0740213633017
1187,2169.9378767426565
1188,2173.6273839842343
1189,2171.0307335466314
1190,2158.2631495745027
1191,2164.107177925347
1192,2164.114509679019
1193,2182.103211130201
1194,2180.628932060757
1195,2181.602623937838
1196,2175.763562462067
1197,2185.049658034905
1198,2183.9528864427775
1199,2190.0317352154707
1200,2178.8877889467103
1201,2182.3982511169334
1202,2186.7777068015025
1203,2183.983414084838
1204,2183.3812555145178
1205,2186.7100020720195
1206,2176.069250460242
1207,2173.5336231821525
1208,2169.687910530553
1209,2180.0827246116787
1210,2176.4851521714677
1211,2171.7566603523146
1212,2171.307858524711
1213,2179.3278619733064
1214,2186.024055733742
1215,2186.150865766725
1216,2181.642343229296
1217,2131.2939804469042
1218,2159.738343643912
1219,2128.3864033193495
1220,2128.334493921541
1221,2147.6216618824765
1222,2138.338975773138
1223,2140.623345060116
1224,2139.6582844636646
1225,2161.1425567685155
1226,2175.5387106165817
1227,2164.81725439629
1228,2147.6368472718095
1229,2159.2632358795054
1230,2170.012927315407
1231,2152.6802330494797
1232,2168.6390816170774
1233,2160.5380339288213
1234,2151.583695625647
1235,2160.285748049768
1236,2160.0690833399362
1237,2154.6911980984937
1238,2163.738854029001
1239,2137.9801890187186
1240,2140.581571722658
1241,2133.342978073252
1242,2133.582803037373
1243,2127.9952946264057
1244,2139.2551715150835
1245,2143.7646527970983
1246,2141.4829754000875
1247,2141.4738418315533
1248,2150.3597938086614
1249,2143.2873454118553
1250,2140.309249701725
1251,2133.7579313910664
1252,2127.199525274171
1253,2127.072966090881
1254,2113.1742669265636
1255,2100.098428026503
1256,2090.4869433989556
1257,2086.4013337119004
1258,2129.537169152268
1259,2137.5011677063276
1260,2161.454292145512
1261,2165.4769966453205
1262,2162.7629098465027
1263,2163.853004082817
1264,2178.6931840530074
1265,2176.4830080386505
1266,2186.7899459085143
1267,2181.711495325008
1268,2196.993510363915
1269,2202.016343060708
1270,2204.1951260307924
1271,2212.761043257236
1272,2201.6514904184137
1273,2204.987680607837
1274,2199.1535456150327
1275,2191.97736900547
1276,2192.8545321371607
1277,2204.086446499242
1278,2211.62851290985
